255 255 255 255 255 255 255 255 255 255 255 255 255 255 255 255
255 255 255 255 255 255 255 255 255 255 255 255 255 255 255 255
255 255 191 128 128 255 255 255 255 255 255 255 255 255 255 255
255 255 128   0   0 255 255 255 255 255 255   0   0 128 255 255
255 255 128   0   0 255 255 255 255 255 255   0   0 255 255 255
255 255 255 255 255 255 255 255 255 255 255 255 255 255 255 255
255 255 255 255 255 255 255 255 255 255 255 255 255 255 255 255
255 255 255 255 255 255 255 255 255 255 255 255 255 255 255 255
255 255 255 255 255 255 255 255 255 255 255 255 255 255 255 255
255 255 255 255 255 255 255 255 255 255 255 255 255 255 255 255
255 255 255 255 255 255 255 255 255 255 255 255 255 255 255 255
255 255 128 255 255 255 255 255 255 255 255 255   0 191 255 255
255 255 128   0 255 255 255 255 255 255 255   0   0 255 255 255
255 255 128   0   0 255 255 255 255 255 255 191 255   0 255 255
255 255 255 255 255 255 255 255 255 255 255 255 255 255 255 255
255 255 255 255 255 255 255 255 255 255 255 255 255 255 255 255
255 255 255 255 255 255 255 255 255 255 255 255 255 255 255 255
255 255 255 255 255 255 255 255 255 255 255 255 255 255 255 255
255 255 191 128 128 255 255 255 255 255 255 255 255 255 255 255
255 255 128   0   0 255 255 255 255 255 255   0   0 128 255 255
255 255 128   0   0 255 255 255 255 255 255   0   0 255 255 255
255 255 255 255 255 255 255 255 255 255 255 255 255 255 255 255
255 255 255 255 255 255 255 255 255 255 255 255 255 255 255 255
255 255 255 255 255 255 255 255 255 255 255 255 255 255 255 255
255 255 255 255 255 255 255 255 255 255 255 255 255 255 255 255
255 255 255 255 255 255 255 255 255 255 255 255 255 255 255 255
255 255 255 255 255 255 255 255 255 255 255 255 255 255 255 255
255 255 128 255 255 255 255 255 255 255 255 255   0 191 255 255
255 255 128   0 255 255 255 255 255 255 255   0   0 255 255 255
255 255 128   0   0 255 255 255 255 255 255 191 255   0 255 255
255 255 255 255 255 255 255 255 255 255 255 255 255 255 255 255
255 255 255 255 255 255 255 255 255 255 255 255 255 255 255 255
255 255 255 255 255 255 255 255 255 255 255 255 255 255 255 255
255 255 255 255 255 255 255 255 255 255 255 255 255 255 255 255
255 255 191 128 128 255 255 255 255 255 255 255 255 255 255 255
255 255 128   0   0 255 255 255 255 255 255   0   0 128 255 255
255 255 128   0   0 255 255 255 255 255 255   0   0 255 255 255
255 255 255 255 255 255 255 255 255 255 255 255 255 255 255 255
255 255 255 255 255 255 255 255 255 255 255 255 255 255 255 255
255 255 255 255 255 255 255 255 255 255 255 255 255 255 255 255
255 255 255 255 255 255 255 255 255 255 255 255 255 255 255 255
255 255 255 255 255 255 255 255 255 255 255 255 255 255 255 255
255 255 255 255 255 255 255 255 255 255 255 255 255 255 255 255
255 255 128 255 255 255 255 255 255 255 255 255   0 191 255 255
255 255 128   0 255 255 255 255 255 255 255   0   0 255 255 255
255 255 128   0   0 255 255 255 255 255 255 191 255   0 255 255
255 255 255 255 255 255 255 255 255 255 255 255 255 255 255 255
255 255 255 255 255 255 255 255 255 255 255 255 255 255 255 255

255 255 255 255 255 255 255 255 255 255 255 255 255 255 255 255
255 255 255 255 255 255 255 255 255 255 255 255 255 255 255 255
255 255 255 128 255 255 255 255 255 255 255 191 255   0 255 255
255 255 255   0   0 255 255 255 255 255 255   0   0 255 255 255
255 255 255   0   0 255 255 255 255 255 255 255   0 191 255 255
255 255 255 255 255 255 255 255 255 255 255 255 255 255 255 255
255 255 255 255 255 255 255 255 255 255 255 255 255 255 255 255
255 255 255 255 255 255 255 255 255 255 255 255 255 255 255 255
255 255 255 255 255 255 255 255 255 255 255 255 255 255 255 255
255 255 255 255 255 255 255 255 255 255 255 255 255 255 255 255
255 255 255 255 255 255 255 255 255 255 255 255 255 255 255 255
255 255 128   0   0 255 255 255 255 255 255 255 255   0 255 255
255 255 128   0   0 255 255 255 255 255 255 255   0   0 255 255
255 255 191 128 128 255 255 255 255 255 255 128 128 128 255 255
255 255 255 255 255 255 255 255 255 255 255 255 255 255 255 255
255 255 255 255 255 255 255 255 255 255 255 255 255 255 255 255
255 255 255 255 255 255 255 255 255 255 255 255 255 255 255 255
255 255 255 255 255 255 255 255 255 255 255 255 255 255 255 255
255 255 255 128 255 255 255 255 255 255 255 191 255   0 255 255
255 255 255   0   0 255 255 255 255 255 255   0   0 255 255 255
255 255 255   0   0 255 255 255 255 255 255 255   0 191 255 255
255 255 255 255 255 255 255 255 255 255 255 255 255 255 255 255
255 255 255 255 255 255 255 255 255 255 255 255 255 255 255 255
255 255 255 255 255 255 255 255 255 255 255 255 255 255 255 255
255 255 255 255 255 255 255 255 255 255 255 255 255 255 255 255
255 255 255 255 255 255 255 255 255 255 255 255 255 255 255 255
255 255 255 255 255 255 255 255 255 255 255 255 255 255 255 255
255 255 128   0   0 255 255 255 255 255 255 255 255   0 255 255
255 255 128   0   0 255 255 255 255 255 255 255   0   0 255 255
255 255 191 128 128 255 255 255 255 255 255 128 128 128 255 255
255 255 255 255 255 255 255 255 255 255 255 255 255 255 255 255
255 255 255 255 255 255 255 255 255 255 255 255 255 255 255 255
255 255 255 255 255 255 255 255 255 255 255 255 255 255 255 255
255 255 255 255 255 255 255 255 255 255 255 255 255 255 255 255
255 255 255 128 255 255 255 255 255 255 255 191 255   0 255 255
255 255 255   0   0 255 255 255 255 255 255   0   0 255 255 255
255 255 255   0   0 255 255 255 255 255 255 255   0 191 255 255
255 255 255 255 255 255 255 255 255 255 255 255 255 255 255 255
255 255 255 255 255 255 255 255 255 255 255 255 255 255 255 255
255 255 255 255 255 255 255 255 255 255 255 255 255 255 255 255
255 255 255 255 255 255 255 255 255 255 255 255 255 255 255 255
255 255 255 255 255 255 255 255 255 255 255 255 255 255 255 255
255 255 255 255 255 255 255 255 255 255 255 255 255 255 255 255
255 255 128   0   0 255 255 255 255 255 255 255 255   0 255 255
255 255 128   0   0 255 255 255 255 255 255 255   0   0 255 255
255 255 191 128 128 255 255 255 255 255 255 128 128 128 255 255
255 255 255 255 255 255 255 255 255 255 255 255 255 255 255 255
255 255 255 255 255 255 255 255 255 255 255 255 255 255 255 255

219 191 191 191 191 191 191 191 191 191 191 191 191 191 191 221
191 249 223 223 223 223 223 223 223 223 223 223 223 223 250 191
191 223 245 187 245 240 242 245 255 255 254 149 119 187 223 191
191 223 187  46 130 226 230 237 255 255 255 221  29 127 223 191
191 223 245 130 244 239 241 245 255 255 255 255 221 157 223 191
191 223 240 226 239 231 234 240 255 255 255 255 255 255 223 191
191 223 242 230 241 234 236 242 255 255 255 255 255 255 223 191
191 223 245 237 245 240 242 245 255 255 255 255 255 255 223 191
191 223 251 255 255 255 255 255 255 255 255 255 255 255 223 191
191 223 237 232 255 255 255 255 255 255 255 255 255 255 223 191
191 223 255 234 232 255 255 255 255 255 254 247 247 251 223 191
191 223 188   9  61 232 255 255 255 255 247   0   0 127 223 191
191 223 135   0  16 237 232 255 255 255 247   0   0 127 223 191
191 223 245 141 198 255 237 252 255 255 251 127 127 191 223 191
191 250 223 223 223 223 223 223 223 223 223 223 223 223 251 191
221 191 191 191 191 191 191 191 191 191 191 191 191 191 191 223
219 191 191 191 191 191 191 191 191 191 191 191 191 191 191 221
191 249 223 223 223 223 223 223 223 223 223 223 223 223 250 191
191 223 245 187 245 240 242 245 255 255 254 149 119 187 223 191
191 223 187  46 130 226 230 237 255 255 255 221  29 127 223 191
191 223 245 130 244 239 241 245 255 255 255 255 221 157 223 191
191 223 240 226 239 231 234 240 255 255 255 255 255 255 223 191
191 223 242 230 241 234 236 242 255 255 255 255 255 255 223 191
191 223 245 237 245 240 242 245 255 255 255 255 255 255 223 191
191 223 251 255 255 255 255 255 255 255 255 255 255 255 223 191
191 223 237 232 255 255 255 255 255 255 255 255 255 255 223 191
191 223 255 234 232 255 255 255 255 255 254 247 247 251 223 191
191 223 188   9  61 232 255 255 255 255 247   0   0 127 223 191
191 223 135   0  16 237 232 255 255 255 247   0   0 127 223 191
191 223 245 141 198 255 237 252 255 255 251 127 127 191 223 191
191 250 223 223 223 223 223 223 223 223 223 223 223 223 251 191
221 191 191 191 191 191 191 191 191 191 191 191 191 191 191 223
219 191 191 191 191 191 191 191 191 191 191 191 191 191 191 221
191 249 223 223 223 223 223 223 223 223 223 223 223 223 250 191
191 223 245 187 245 240 242 245 255 255 254 149 119 187 223 191
191 223 187  46 130 226 230 237 255 255 255 221  29 127 223 191
191 223 245 130 244 239 241 245 255 255 255 255 221 157 223 191
191 223 240 226 239 231 234 240 255 255 255 255 255 255 223 191
191 223 242 230 241 234 236 242 255 255 255 255 255 255 223 191
191 223 245 237 245 240 242 245 255 255 255 255 255 255 223 191
191 223 251 255 255 255 255 255 255 255 255 255 255 255 223 191
191 223 237 232 255 255 255 255 255 255 255 255 255 255 223 191
191 223 255 234 232 255 255 255 255 255 254 247 247 251 223 191
191 223 188   9  61 232 255 255 255 255 247   0   0 127 223 191
191 223 135   0  16 237 232 255 255 255 247   0   0 127 223 191
191 223 245 141 198 255 237 252 255 255 251 127 127 191 223 191
191 250 223 223 223 223 223 223 223 223 223 223 223 223 251 191
221 191 191 191 191 191 191 191 191 191 191 191 191 191 191 223

221 191 191 191 191 191 191 191 191 191 191 191 191 191 191 223
191 250 223 223 223 223 223 223 223 223 223 223 223 223 251 191
191 223 187 127 157 255 255 255 255 255 251 127 127 191 223 191
191 223 119  29 221 255 255 255 255 255 247   0   0 127 223 191
191 223 149 221 255 255 255 255 255 255 247   0   0 127 223 191
191 223 254 255 255 255 255 255 255 255 254 247 247 251 223 191
191 223 255 255 255 255 255 255 255 255 255 255 255 255 223 191
191 223 255 255 255 255 255 255 255 255 255 255 255 255 223 191
191 223 245 237 245 240 242 245 255 255 255 255 255 252 223 191
191 223 242 230 241 234 236 242 255 255 255 255 232 237 223 191
191 223 240 226 239 231 234 240 255 255 255 232 237 255 223 191
191 223 245 130 244 239 241 245 255 255 232  61  16 198 223 191
191 223 187  46 130 226 230 237 255 232 234   9   0 141 223 191
191 223 245 187 245 240 242 245 251 237 255 188 135 245 223 191
191 249 223 223 223 223 223 223 223 223 223 223 223 223 250 191
219 191 191 191 191 191 191 191 191 191 191 191 191 191 191 221
221 191 191 191 191 191 191 191 191 191 191 191 191 191 191 223
191 250 223 223 223 223 223 223 223 223 223 223 223 223 251 191
191 223 187 127 157 255 255 255 255 255 251 127 127 191 223 191
191 223 119  29 221 255 255 255 255 255 247   0   0 127 223 191
191 223 149 221 255 255 255 255 255 255 247   0   0 127 223 191
191 223 254 255 255 255 255 255 255 255 254 247 247 251 223 191
191 223 255 255 255 255 255 255 255 255 255 255 255 255 223 191
191 223 255 255 255 255 255 255 255 255 255 255 255 255 223 191
191 223 245 237 245 240 242 245 255 255 255 255 255 252 223 191
191 223 242 230 241 234 236 242 255 255 255 255 232 237 223 191
191 223 240 226 239 231 234 240 255 255 255 232 237 255 223 191
191 223 245 130 244 239 241 245 255 255 232  61  16 198 223 191
191 223 187  46 130 226 230 237 255 232 234   9   0 141 223 191
191 223 245 187 245 240 242 245 251 237 255 188 135 245 223 191
191 249 223 223 223 223 223 223 223 223 223 223 223 223 250 191
219 191 191 191 191 191 191 191 191 191 191 191 191 191 191 221
221 191 191 191 191 191 191 191 191 191 191 191 191 191 191 223
191 250 223 223 223 223 223 223 223 223 223 223 223 223 251 191
191 223 187 127 157 255 255 255 255 255 251 127 127 191 223 191
191 223 119  29 221 255 255 255 255 255 247   0   0 127 223 191
191 223 149 221 255 255 255 255 255 255 247   0   0 127 223 191
191 223 254 255 255 255 255 255 255 255 254 247 247 251 223 191
191 223 255 255 255 255 255 255 255 255 255 255 255 255 223 191
191 223 255 255 255 255 255 255 255 255 255 255 255 255 223 191
191 223 245 237 245 240 242 245 255 255 255 255 255 252 223 191
191 223 242 230 241 234 236 242 255 255 255 255 232 237 223 191
191 223 240 226 239 231 234 240 255 255 255 232 237 255 223 191
191 223 245 130 244 239 241 245 255 255 232  61  16 198 223 191
191 223 187  46 130 226 230 237 255 232 234   9   0 141 223 191
191 223 245 187 245 240 242 245 251 237 255 188 135 245 223 191
191 249 223 223 223 223 223 223 223 223 223 223 223 223 250 191
219 191 191 191 191 191 191 191 191 191 191 191 191 191 191 221
